<?xml version="1.0" encoding="utf-8"?>
<COLLADA xmlns="http://www.collada.org/2005/11/COLLADASchema" version="1.4.1">
  <asset>
    <contributor>
      <author>Mixamo</author>
      <authoring_tool>COLLADA Mixamo exporter</authoring_tool>
      <comments/>
    </contributor>
    <created>2025-05-09T18:13:29Z</created>
    <modified>2025-05-09T18:13:29Z</modified>
    <revision/>
    <title/>
    <unit meter="0.010000"/>
    <up_axis>Y_UP</up_axis>
  </asset>
  <library_animations>
    <animation id="mixamorig_Hips-anim" name="mixamorig_Hips">
      <source id="mixamorig_Hips-Matrix-animation-input">
        <float_array id="mixamorig_Hips-Matrix-animation-input-array" count="49">

0.000000 0.033333 0.066667 0.100000 0.133333 0.166667 0.200000 0.233333 0.266667 0.300000 0.333333 0.366667 0.400000 0.433333 0.466667 0.500000
0.533333 0.566667 0.600000 0.633333 0.666667 0.700000 0.733333 0.766667 0.800000 0.833333 0.866667 0.900000 0.933333 0.966667 1.000000 1.033333
1.066667 1.100000 1.133333 1.166667 1.200000 1.233333 1.266667 1.300000 1.333333 1.366667 1.400000 1.433333 1.466667 1.500000 1.533333 1.566667
1.600000</float_array>
        <technique_common>
          <accessor source="#mixamorig_Hips-Matrix-animation-input-array" count="49">
            <param name="TIME" type="float"/>
          </accessor>
        </technique_common>
      </source>
      <source id="mixamorig_Hips-Matrix-animation-output-transform">
        <float_array id="mixamorig_Hips-Matrix-animation-output-transform-array" count="784">

0.814113 -0.035623 -0.579613 -0.985887 -0.056807 0.988444 -0.140539 93.459473 0.577921 0.147341 0.802682 1.857104 0.000000 0.000000 0.000000 1.000000
0.823095 -0.040506 -0.566457 -1.197614 -0.054218 0.987292 -0.149380 93.586754 0.565310 0.153665 0.810439 2.026864 0.000000 0.000000 0.000000 1.000000
0.831796 -0.046382 -0.553140 -1.491452 -0.051156 0.985856 -0.159594 93.716270 0.552719 0.161046 0.817659 2.163323 0.000000 0.000000 0.000000 1.000000
0.842826 -0.050334 -0.535827 -1.850944 -0.048330 0.984515 -0.168504 93.869370 0.536012 0.167916 0.827342 2.342318 0.000000 0.000000 0.000000 1.000000
0.861517 -0.046707 -0.505575 -2.305630 -0.046807 0.984213 -0.170686 93.993034 0.505566 0.170714 0.845730 2.762706 0.000000 0.000000 0.000000 1.000000
0.890158 -0.030494 -0.454630 -2.914219 -0.048761 0.985653 -0.161584 93.935112 0.453035 0.166004 0.875900 3.691747 0.000000 0.000000 0.000000 1.000000
0.920916 -0.003650 -0.389745 -3.688461 -0.056338 0.988208 -0.142374 93.600067 0.385668 0.153072 0.909851 5.249771 0.000000 0.000000 0.000000 1.000000
0.941029 0.027218 -0.337230 -4.489553 -0.070903 0.990490 -0.117908 93.002403 0.330814 0.134866 0.934009 7.349620 0.000000 0.000000 0.000000 1.000000
0.945182 0.062177 -0.320570 -5.095255 -0.094890 0.991640 -0.087441 92.357422 0.312453 0.113067 0.943180 9.874524 0.000000 0.000000 0.000000 1.000000
0.938739 0.109525 -0.326763 -5.400292 -0.129831 0.990691 -0.040924 92.082520 0.319239 0.080841 0.944220 12.809962 0.000000 0.000000 0.000000 1.000000
0.936046 0.180079 -0.302308 -5.408186 -0.180532 0.983207 0.026690 92.958504 0.302038 0.029593 0.952837 16.361549 0.000000 0.000000 0.000000 1.000000
0.946268 0.261528 -0.190210 -5.140547 -0.247530 0.964271 0.094390 95.251472 0.208100 -0.042235 0.977195 20.013083 0.000000 0.000000 0.000000 1.000000
0.943672 0.330063 0.023291 -4.674400 -0.330393 0.936106 0.120607 98.737823 0.018005 -0.121508 0.992427 23.026583 0.000000 0.000000 0.000000 1.000000
0.873575 0.384385 0.298520 -4.193153 -0.422335 0.903538 0.072475 102.468864 -0.241865 -0.189388 0.951648 25.034075 0.000000 0.000000 0.000000 1.000000
0.703770 0.444026 0.554571 -4.107827 -0.504708 0.861865 -0.049573 105.098305 -0.499977 -0.245009 0.830658 26.568964 0.000000 0.000000 0.000000 1.000000
0.468814 0.519708 0.714225 -4.539283 -0.564797 0.798067 -0.209985 106.204582 -0.679130 -0.304948 0.667674 28.790897 0.000000 0.000000 0.000000 1.000000
0.251461 0.595013 0.763365 -5.008513 -0.602398 0.713540 -0.357740 105.905502 -0.757551 -0.369893 0.537862 32.168835 0.000000 0.000000 0.000000 1.000000
0.110145 0.652966 0.749335 -5.117041 -0.628061 0.630050 -0.456702 104.797279 -0.770330 -0.420325 0.479499 36.524174 0.000000 0.000000 0.000000 1.000000
0.041482 0.691344 0.721334 -4.674804 -0.661196 0.560253 -0.498936 103.892014 -0.749066 -0.456246 0.480354 40.461369 0.000000 0.000000 0.000000 1.000000
0.013263 0.712540 0.701507 -4.303503 -0.702314 0.506019 -0.500700 103.256310 -0.711744 -0.486037 0.507138 42.415367 0.000000 0.000000 0.000000 1.000000
-0.009649 0.718732 0.695220 -4.399066 -0.726919 0.472380 -0.498444 102.771011 -0.686656 -0.510178 0.517902 43.614212 0.000000 0.000000 0.000000 1.000000
-0.041668 0.710977 0.701979 -4.741710 -0.736024 0.453289 -0.502789 102.358627 -0.675671 -0.537624 0.504409 44.064529 0.000000 0.000000 0.000000 1.000000
-0.072608 0.692311 0.717937 -4.997241 -0.730818 0.452915 -0.510659 101.904846 -0.678700 -0.561759 0.473068 44.258274 0.000000 0.000000 0.000000 1.000000
-0.087888 0.667747 0.739182 -5.033681 -0.723744 0.467065 -0.507981 101.243195 -0.684449 -0.579624 0.442228 43.738129 0.000000 0.000000 0.000000 1.000000
-0.082958 0.641791 0.762379 -4.756158 -0.720819 0.489617 -0.490608 100.350563 -0.688141 -0.590237 0.421997 42.389668 0.000000 0.000000 0.000000 1.000000
-0.059110 0.615888 0.785613 -4.327844 -0.719450 0.519286 -0.461231 99.192505 -0.692024 -0.592473 0.412406 40.839325 0.000000 0.000000 0.000000 1.000000
-0.017077 0.587036 0.809380 -3.755155 -0.715830 0.557988 -0.419807 97.966614 -0.698066 -0.586548 0.410689 39.046947 0.000000 0.000000 0.000000 1.000000
0.051737 0.551261 0.832727 -3.016356 -0.702932 0.612401 -0.361734 96.833603 -0.709373 -0.566636 0.419183 36.995068 0.000000 0.000000 0.000000 1.000000
0.161592 0.506432 0.847003 -2.117420 -0.675356 0.682570 -0.279270 96.017990 -0.719571 -0.526901 0.452320 34.577419 0.000000 0.000000 0.000000 1.000000
0.315404 0.451819 0.834494 -1.197515 -0.622132 0.762482 -0.177689 95.283218 -0.716570 -0.463121 0.521580 31.773666 0.000000 0.000000 0.000000 1.000000
0.492342 0.388155 0.779060 -0.365494 -0.540597 0.837859 -0.075810 94.475914 -0.682169 -0.383833 0.622349 28.576218 0.000000 0.000000 0.000000 1.000000
0.656006 0.321355 0.682925 0.361117 -0.443306 0.896361 0.004043 93.710487 -0.610848 -0.305397 0.730477 25.137562 0.000000 0.000000 0.000000 1.000000
0.781485 0.260865 0.566772 1.010883 -0.349167 0.935683 0.050782 93.208755 -0.517072 -0.237584 0.822308 21.723040 0.000000 0.000000 0.000000 1.000000
0.868311 0.211369 0.448730 1.543095 -0.269143 0.960676 0.068287 93.039307 -0.416651 -0.180067 0.891054 18.569496 0.000000 0.000000 0.000000 1.000000
0.927224 0.172318 0.332510 1.849877 -0.205718 0.976265 0.067723 93.042969 -0.312948 -0.131197 0.940665 15.808664 0.000000 0.000000 0.000000 1.000000
0.966654 0.140366 0.214191 1.812291 -0.156091 0.986022 0.058272 93.028076 -0.203018 -0.089762 0.975052 13.434216 0.000000 0.000000 0.000000 1.000000
0.989206 0.113400 0.092799 1.403432 -0.117685 0.992160 0.042068 92.791031 -0.087301 -0.052535 0.994796 11.314916 0.000000 0.000000 0.000000 1.000000
0.995618 0.089590 -0.026789 0.739510 -0.089157 0.995874 0.016931 92.314102 0.028195 -0.014468 0.999498 9.289787 0.000000 0.000000 0.000000 1.000000
0.988133 0.066774 -0.138324 0.034283 -0.069653 0.997442 -0.016073 91.763809 0.136897 0.025517 0.990257 7.276873 0.000000 0.000000 0.000000 1.000000
0.969849 0.044781 -0.239558 -0.526033 -0.058119 0.997111 -0.048906 91.345650 0.236676 0.061354 0.969650 5.342266 0.000000 0.000000 0.000000 1.000000
0.942516 0.027210 -0.333050 -0.883029 -0.054046 0.995970 -0.071576 91.268349 0.329760 0.085461 0.940189 3.721933 0.000000 0.000000 0.000000 1.000000
0.906883 0.016618 -0.421056 -1.110000 -0.055764 0.995167 -0.080829 91.552650 0.417677 0.096783 0.903426 2.597375 0.000000 0.000000 0.000000 1.000000
0.866453 0.011070 -0.499136 -1.287074 -0.060445 0.994726 -0.082865 92.032745 0.495586 0.101969 0.862552 1.964151 0.000000 0.000000 0.000000 1.000000
0.829916 0.004886 -0.557868 -1.411058 -0.064282 0.994139 -0.086922 92.470657 0.554173 0.107999 0.825366 1.655611 0.000000 0.000000 0.000000 1.000000
0.806611 -0.004405 -0.591066 -1.415759 -0.065584 0.993131 -0.096902 92.756638 0.587432 0.116927 0.800782 1.525370 0.000000 0.000000 0.000000 1.000000
0.798866 -0.014821 -0.601326 -1.284717 -0.064389 0.991845 -0.109988 92.932266 0.598053 0.126584 0.791397 1.506571 0.000000 0.000000 0.000000 1.000000
0.801439 -0.023527 -0.597613 -1.101157 -0.061883 0.990601 -0.121987 93.090240 0.594866 0.134747 0.792451 1.576510 0.000000 0.000000 0.000000 1.000000
0.807751 -0.030005 -0.588760 -0.979296 -0.059259 0.989513 -0.131729 93.270950 0.586538 0.141294 0.797502 1.706742 0.000000 0.000000 0.000000 1.000000
0.814201 -0.035546 -0.579494 -0.987051 -0.056827 0.988452 -0.140475 93.459007 0.577795 0.147306 0.802779 1.860315 0.000000 0.000000 0.000000 1.000000</float_array>
        <technique_common>
          <accessor source="#mixamorig_Hips-Matrix-animation-output-transform-array" count="49" stride="16">
            <param type="float4x4"/>
          </accessor>
        </technique_common>
      </source>
      <source id="mixamorig_Hips-Interpolations">
        <Name_array id="mixamorig_Hips-Interpolations-array" count="49">
 LINEAR LINEAR LINEAR LINEAR LINEAR LINEAR LINEAR LINEAR LINEAR LINEAR LINEAR
LINEAR LINEAR LINEAR LINEAR LINEAR LINEAR LINEAR LINEAR LINEAR LINEAR LINEAR LINEAR
LINEAR LINEAR LINEAR LINEAR LINEAR LINEAR LINEAR LINEAR LINEAR LINEAR LINEAR LINEAR
LINEAR LINEAR LINEAR LINEAR LINEAR LINEAR LINEAR LINEAR LINEAR LINEAR LINEAR LINEAR
LINEAR LINEAR</Name_array>
        <technique_common>
          <accessor source="#mixamorig_Hips-Interpolations-array" count="49">
            <param type="name"/>
          </accessor>
        </technique_common>
      </source>
      <sampler id="mixamorig_Hips-Matrix-animation-transform">
        <input semantic="INPUT" source="#mixamorig_Hips-Matrix-animation-input"/>
        <input semantic="OUTPUT" source="#mixamorig_Hips-Matrix-animation-output-transform"/>
        <input semantic="INTERPOLATION" source="#mixamorig_Hips-Interpolations"/>
      </sampler>
      <channel source="#mixamorig_Hips-Matrix-animation-transform" target="mixamorig_Hips/matrix"/>
    </animation>
    <animation id="mixamorig_Spine-anim" name="mixamorig_Spine">
      <source id="mixamorig_Spine-Matrix-animation-input">
        <float_array id="mixamorig_Spine-Matrix-animation-input-array" count="49">

0.000000 0.033333 0.066667 0.100000 0.133333 0.166667 0.200000 0.233333 0.266667 0.300000 0.333333 0.366667 0.400000 0.433333 0.466667 0.500000
0.533333 0.566667 0.600000 0.633333 0.666667 0.700000 0.733333 0.766667 0.800000 0.833333 0.866667 0.900000 0.933333 0.966667 1.000000 1.033333
1.066667 1.100000 1.133333 1.166667 1.200000 1.233333 1.266667 1.300000 1.333333 1.366667 1.400000 1.433333 1.466667 1.500000 1.533333 1.566667
1.600000</float_array>
        <technique_common>
          <accessor source="#mixamorig_Spine-Matrix-animation-input-array" count="49">
            <param name="TIME" type="float"/>
          </accessor>
        </technique_common>
      </source>
      <source id="mixamorig_Spine-Matrix-animation-output-transform">
        <float_array id="mixamorig_Spine-Matrix-animation-output-transform-array" count="784">

0.993690 -0.093121 0.062526 -0.000000 0.087422 0.992240 0.088411 10.182400 -0.070274 -0.082387 0.994120 0.000000 0.000000 0.000000 0.000000 1.000000
0.994186 -0.089713 0.059545 -0.000000 0.084194 0.992422 0.089501 10.182400 -0.067123 -0.083967 0.994205 0.000000 0.000000 0.000000 0.000000 1.000000
0.995035 -0.083428 0.054263 0.000000 0.078292 0.992792 0.090740 10.182400 -0.061442 -0.086041 0.994395 0.000000 0.000000 0.000000 0.000000 1.000000
0.995961 -0.076022 0.047773 -0.000000 0.071399 0.993196 0.091996 10.182400 -0.054442 -0.088213 0.994613 -0.000000 0.000000 0.000000 0.000000 1.000000
0.996622 -0.070360 0.042367 0.000000 0.066152 0.993405 0.093656 10.182400 -0.048677 -0.090537 0.994703 0.000000 0.000000 0.000000 0.000000 1.000000
0.996819 -0.068371 0.040953 -0.000000 0.064131 0.993201 0.097159 10.182400 -0.047317 -0.094223 0.994426 0.000000 0.000000 0.000000 0.000000 1.000000
0.996683 -0.067279 0.045798 0.000000 0.062208 0.992595 0.104336 10.182400 -0.052479 -0.101141 0.993487 0.000000 0.000000 0.000000 0.000000 1.000000
0.996342 -0.062504 0.058280 0.000000 0.055467 0.991770 0.115396 10.182400 -0.065013 -0.111741 0.991608 0.000000 0.000000 0.000000 0.000000 1.000000
0.995515 -0.054645 0.077230 0.000000 0.044485 0.990822 0.127642 10.182400 -0.083497 -0.123634 0.988809 0.000000 0.000000 0.000000 0.000000 1.000000
0.994124 -0.047912 0.097067 -0.000000 0.034313 0.989946 0.137217 10.182400 -0.102666 -0.133080 0.985773 0.000000 0.000000 0.000000 0.000000 1.000000
0.993025 -0.050320 0.106627 0.000000 0.034775 0.989122 0.142926 10.182400 -0.112659 -0.138221 0.983973 0.000000 0.000000 0.000000 0.000000 1.000000
0.993657 -0.055175 0.097983 0.000000 0.040615 0.988624 0.144820 10.182400 -0.104859 -0.139922 0.984595 0.000000 0.000000 0.000000 0.000000 1.000000
0.995733 -0.049985 0.077578 -0.000000 0.038546 0.989042 0.142512 10.182400 -0.083851 -0.138914 0.986748 0.000000 0.000000 0.000000 0.000000 1.000000
0.997979 -0.036585 0.051964 0.000000 0.029195 0.990216 0.136457 10.182400 -0.056447 -0.134664 0.989282 -0.000000 0.000000 0.000000 0.000000 1.000000
0.999338 -0.028210 0.022953 0.000000 0.025052 0.991478 0.127841 10.182400 -0.026364 -0.127181 0.991529 0.000000 0.000000 0.000000 0.000000 1.000000
0.999247 -0.038238 -0.006643 0.000000 0.038756 0.992213 0.118370 10.182400 0.002065 -0.118538 0.992947 0.000000 0.000000 0.000000 0.000000 1.000000
0.997636 -0.060360 -0.032845 0.000000 0.063619 0.991960 0.109402 10.182400 0.025978 -0.111233 0.993455 0.000000 0.000000 0.000000 0.000000 1.000000
0.995641 -0.074996 -0.055450 -0.000000 0.080337 0.991601 0.101358 10.182400 0.047383 -0.105371 0.993304 0.000000 0.000000 0.000000 0.000000 1.000000
0.994172 -0.083065 -0.068724 0.000000 0.089274 0.991671 0.092841 10.182400 0.060439 -0.098435 0.993306 0.000000 0.000000 0.000000 0.000000 1.000000
0.993999 -0.087942 -0.065059 0.000000 0.093249 0.992126 0.083614 10.182400 0.057194 -0.089179 0.994372 0.000000 0.000000 0.000000 0.000000 1.000000
0.994984 -0.079225 -0.061075 0.000000 0.083825 0.993513 0.076842 10.182400 0.054591 -0.081576 0.995171 0.000000 0.000000 0.000000 0.000000 1.000000
0.996130 -0.067713 -0.056033 0.000000 0.071791 0.994650 0.074279 10.182400 0.050704 -0.078014 0.995662 -0.000000 0.000000 0.000000 0.000000 1.000000
0.997383 -0.052521 -0.049677 -0.000000 0.056205 0.995529 0.075911 10.182400 0.045468 -0.078504 0.995876 0.000000 0.000000 0.000000 0.000000 1.000000
0.998471 -0.041861 -0.036109 0.000000 0.044619 0.995851 0.079306 10.182400 0.032639 -0.080796 0.996196 0.000000 0.000000 0.000000 0.000000 1.000000
0.999043 -0.039267 -0.019279 0.000000 0.040737 0.995722 0.082937 10.182400 0.015939 -0.083643 0.996368 0.000000 0.000000 0.000000 0.000000 1.000000
0.999214 -0.039131 -0.006307 -0.000000 0.039531 0.995435 0.086871 10.182400 0.002879 -0.087052 0.996200 0.000000 0.000000 0.000000 0.000000 1.000000
0.999271 -0.038175 -0.000669 0.000000 0.038077 0.995099 0.091262 10.182400 -0.002818 -0.091221 0.995827 0.000000 0.000000 0.000000 0.000000 1.000000
0.999437 -0.033482 -0.002174 0.000000 0.033536 0.994813 0.096031 10.182400 -0.001053 -0.096050 0.995376 0.000000 0.000000 0.000000 0.000000 1.000000
0.999577 -0.028798 -0.004094 -0.000000 0.029064 0.994449 0.101127 10.182400 0.001159 -0.101203 0.994865 0.000000 0.000000 0.000000 0.000000 1.000000
0.999719 -0.023441 -0.003555 0.000000 0.023686 0.994040 0.106411 10.182400 0.001039 -0.106465 0.994316 0.000000 0.000000 0.000000 0.000000 1.000000
0.999816 -0.019169 0.000912 0.000000 0.018948 0.993598 0.111373 10.182400 -0.003041 -0.111335 0.993778 0.000000 0.000000 0.000000 0.000000 1.000000
0.999776 -0.019595 0.007965 0.000000 0.018546 0.993146 0.115400 10.182400 -0.010172 -0.115227 0.993287 0.000000 0.000000 0.000000 0.000000 1.000000
0.999553 -0.025789 0.015136 0.000000 0.023819 0.992684 0.118368 10.182400 -0.018078 -0.117955 0.992854 -0.000000 0.000000 0.000000 0.000000 1.000000
0.999145 -0.034757 0.022380 0.000000 0.031813 0.992187 0.120637 10.182400 -0.026398 -0.119822 0.992444 0.000000 0.000000 0.000000 0.000000 1.000000
0.998545 -0.044309 0.030741 0.000000 0.040231 0.991648 0.122537 10.182400 -0.035914 -0.121122 0.991988 0.000000 0.000000 0.000000 0.000000 1.000000
0.997779 -0.052877 0.040510 0.000000 0.047495 0.991158 0.123898 10.182400 -0.046703 -0.121699 0.991468 0.000000 0.000000 0.000000 0.000000 1.000000
0.996898 -0.060557 0.050275 0.000000 0.053924 0.990795 0.124168 10.182400 -0.057332 -0.121072 0.990987 0.000000 0.000000 0.000000 0.000000 1.000000
0.996054 -0.067372 0.057764 0.000000 0.059889 0.990635 0.122700 10.182400 -0.065489 -0.118756 0.990761 0.000000 0.000000 0.000000 0.000000 1.000000
0.995499 -0.072255 0.061334 0.000000 0.064593 0.990809 0.118847 10.182400 -0.069357 -0.114350 0.991016 0.000000 0.000000 0.000000 0.000000 1.000000
0.995392 -0.074125 0.060830 0.000000 0.066965 0.991415 0.112303 10.182400 -0.068633 -0.107712 0.991810 -0.000000 0.000000 0.000000 0.000000 1.000000
0.995579 -0.074207 0.057577 0.000000 0.067953 0.992267 0.103866 10.182400 -0.064839 -0.099495 0.992923 -0.000000 0.000000 0.000000 0.000000 1.000000
0.995764 -0.074517 0.053857 -0.000000 0.069142 0.993018 0.095575 10.182400 -0.060603 -0.091446 0.993964 -0.000000 0.000000 0.000000 0.000000 1.000000
0.995745 -0.076563 0.051288 0.000000 0.071761 0.993380 0.089707 10.182400 -0.057817 -0.085645 0.994647 0.000000 0.000000 0.000000 0.000000 1.000000
0.995542 -0.079541 0.050697 0.000000 0.074930 0.993374 0.087145 10.182400 -0.057292 -0.082957 0.994905 0.000000 0.000000 0.000000 0.000000 1.000000
0.995186 -0.082958 0.052175 0.000000 0.078229 0.993136 0.086953 10.182400 -0.059030 -0.082453 0.994845 0.000000 0.000000 0.000000 0.000000 1.000000
0.994693 -0.086742 0.055330 0.000000 0.081712 0.992809 0.087481 10.182400 -0.062521 -0.082496 0.994628 -0.000000 0.000000 0.000000 0.000000 1.000000
0.994153 -0.090406 0.059047 0.000000 0.085041 0.992501 0.087803 10.182400 -0.066542 -0.082269 0.994386 0.000000 0.000000 0.000000 0.000000 1.000000
0.993757 -0.092868 0.061825 0.000000 0.087258 0.992293 0.087982 10.182400 -0.069519 -0.082038 0.994202 0.000000 0.000000 0.000000 0.000000 1.000000
0.993688 -0.093130 0.062538 0.000000 0.087430 0.992239 0.088419 10.182400 -0.070287 -0.082394 0.994118 -0.000000 0.000000 0.000000 0.000000 1.000000</float_array>
        <technique_common>
          <accessor source="#mixamorig_Spine-Matrix-animation-output-transform-array" count="49" stride="16">
            <param type="float4x4"/>
          </accessor>
        </technique_common>
      </source>
      <source id="mixamorig_Spine-Interpolations">
        <Name_array id="mixamorig_Spine-Interpolations-array" count="49">
 LINEAR LINEAR LINEAR LINEAR LINEAR LINEAR LINEAR LINEAR LINEAR LINEAR LINEAR
LINEAR LINEAR LINEAR LINEAR LINEAR LINEAR LINEAR LINEAR LINEAR LINEAR LINEAR LINEAR
LINEAR LINEAR LINEAR LINEAR LINEAR LINEAR LINEAR LINEAR LINEAR LINEAR LINEAR LINEAR
LINEAR LINEAR LINEAR LINEAR LINEAR LINEAR LINEAR LINEAR LINEAR LINEAR LINEAR LINEAR
LINEAR LINEAR</Name_array>
        <technique_common>
          <accessor source="#mixamorig_Spine-Interpolations-array" count="49">
            <param type="name"/>
          </accessor>
        </technique_common>
      </source>
      <sampler id="mixamorig_Spine-Matrix-animation-transform">
        <input semantic="INPUT" source="#mixamorig_Spine-Matrix-animation-input"/>
        <input semantic="OUTPUT" source="#mixamorig_Spine-Matrix-animation-output-transform"/>
        <input semantic="INTERPOLATION" source="#mixamorig_Spine-Interpolations"/>
      </sampler>
      <channel source="#mixamorig_Spine-Matrix-animation-transform" target="mixamorig_Spine/matrix"/>
    </animation>
    <animation id="mixamorig_Spine1-anim" name="mixamorig_Spine1">
      <source id="mixamorig_Spine1-Matrix-animation-input">
        <float_array id="mixamorig_Spine1-Matrix-animation-input-array" count="49">

0.000000 0.033333 0.066667 0.100000 0.133333 0.166667 0.200000 0.233333 0.266667 0.300000 0.333333 0.366667 0.400000 0.433333 0.466667 0.500000
0.533333 0.566667 0.600000 0.633333 0.666667 0.700000 0.733333 0.766667 0.800000 0.833333 0.866667 0.900000 0.933333 0.966667 1.000000 1.033333
1.066667 1.100000 1.133333 1.166667 1.200000 1.233333 1.266667 1.300000 1.333333 1.366667 1.400000 1.433333 1.466667 1.500000 1.533333 1.566667
1.600000</float_array>
        <technique_common>
          <accessor source="#mixamorig_Spine1-Matrix-animation-input-array" count="49">
            <param name="TIME" type="float"/>
          </accessor>
        </technique_common>
      </source>
      <source id="mixamorig_Spine1-Matrix-animation-output-transform">
        <float_array id="mixamorig_Spine1-Matrix-animation-output-transform-array" count="784">

0.999505 -0.019005 0.025058 0.000000 0.019976 0.999036 -0.039079 10.002700 -0.024291 0.039560 0.998922 0.000000 0.000000 0.000000 0.000000 1.000000
0.999598 -0.017695 0.022168 0.000000 0.018556 0.999056 -0.039286 10.002700 -0.021452 0.039682 0.998982 -0.000000 0.000000 0.000000 0.000000 1.000000
0.999725 -0.015919 0.017234 0.000000 0.016614 0.999022 -0.040965 10.002700 -0.016565 0.041240 0.999012 0.000000 0.000000 0.000000 0.000000 1.000000
0.999824 -0.014754 0.011570 0.000000 0.015248 0.998922 -0.043835 10.002700 -0.010911 0.044004 0.998972 -0.000000 0.000000 0.000000 0.000000 1.000000
0.999851 -0.015273 0.007986 0.000000 0.015627 0.998803 -0.046341 10.002700 -0.007269 0.046459 0.998894 -0.000000 0.000000 0.000000 0.000000 1.000000
0.999805 -0.016686 0.010529 -0.000000 0.017148 0.998821 -0.045425 10.002700 -0.009759 0.045596 0.998912 0.000000 0.000000 0.000000 0.000000 1.000000
0.999597 -0.015878 0.023525 0.000000 0.016771 0.999128 -0.038248 10.002700 -0.022897 0.038627 0.998991 -0.000000 0.000000 0.000000 0.000000 1.000000
0.998698 -0.010665 0.049890 -0.000000 0.011941 0.999607 -0.025353 10.002700 -0.049600 0.025916 0.998433 0.000000 0.000000 0.000000 0.000000 1.000000
0.996126 -0.003576 0.087869 0.000000 0.004631 0.999920 -0.011803 10.002700 -0.087819 0.012164 0.996062 0.000000 0.000000 0.000000 0.000000 1.000000
0.991788 -0.000131 0.127889 -0.000000 0.000548 0.999995 -0.003227 10.002700 -0.127888 0.003270 0.991783 0.000000 0.000000 0.000000 0.000000 1.000000
0.988005 -0.001865 0.154408 -0.000000 0.002075 0.999997 -0.001201 10.002700 -0.154405 0.001507 0.988006 0.000000 0.000000 0.000000 0.000000 1.000000
0.987983 -0.003123 0.154534 0.000000 0.003907 0.999981 -0.004767 10.002700 -0.154516 0.005313 0.987976 0.000000 0.000000 0.000000 0.000000 1.000000
0.991946 0.001844 0.126649 -0.000000 -0.000025 0.999897 -0.014367 10.002700 -0.126663 0.014248 0.991844 0.000000 0.000000 0.000000 0.000000 1.000000
0.996732 0.008614 0.080319 -0.000000 -0.006111 0.999490 -0.031352 10.002700 -0.080548 0.030759 0.996276 -0.000000 0.000000 0.000000 0.000000 1.000000
0.999609 0.003416 0.027755 0.000000 -0.001901 0.998516 -0.054420 10.002700 -0.027900 0.054346 0.998132 0.000000 0.000000 0.000000 0.000000 1.000000
0.999470 -0.022695 -0.023353 0.000000 0.020816 0.996754 -0.077765 10.002700 0.025042 0.077237 0.996698 0.000000 0.000000 0.000000 0.000000 1.000000
0.995720 -0.061990 -0.068548 -0.000000 0.055339 0.993938 -0.095000 10.002700 0.074022 0.090800 0.993114 0.000000 0.000000 0.000000 0.000000 1.000000
0.990142 -0.095390 -0.102564 -0.000000 0.084546 0.990836 -0.105334 10.002700 0.111672 0.095625 0.989134 -0.000000 0.000000 0.000000 0.000000 1.000000
0.986632 -0.109464 -0.120723 -0.000000 0.095808 0.988890 -0.113654 10.002700 0.131822 0.100568 0.986159 0.000000 0.000000 0.000000 0.000000 1.000000
0.986698 -0.105843 -0.123390 0.000000 0.090435 0.988101 -0.124410 10.002700 0.135089 0.111596 0.984529 -0.000000 0.000000 0.000000 0.000000 1.000000
0.988714 -0.094521 -0.116234 0.000000 0.078363 0.987538 -0.136482 10.002700 0.127686 0.125833 0.983800 -0.000000 0.000000 0.000000 0.000000 1.000000
0.991128 -0.081652 -0.104870 0.000000 0.065987 0.987228 -0.145007 10.002700 0.115370 0.136801 0.983857 0.000000 0.000000 0.000000 0.000000 1.000000
0.993702 -0.066197 -0.090415 0.000000 0.052404 0.987716 -0.147209 10.002700 0.099049 0.141544 0.984964 0.000000 0.000000 0.000000 0.000000 1.000000
0.996320 -0.046487 -0.072015 -0.000000 0.035721 0.988908 -0.144167 10.002700 0.077918 0.141064 0.986929 0.000000 0.000000 0.000000 0.000000 1.000000
0.998293 -0.025506 -0.052544 0.000000 0.018040 0.990275 -0.137949 10.002700 0.055552 0.136765 0.989045 0.000000 0.000000 0.000000 0.000000 1.000000
0.999218 -0.007858 -0.038758 0.000000 0.002779 0.991590 -0.129386 10.002700 0.039449 0.129177 0.990837 0.000000 0.000000 0.000000 0.000000 1.000000
0.999382 0.006006 -0.034637 0.000000 -0.010084 0.992870 -0.118777 10.002700 0.033677 0.119053 0.992317 -0.000000 0.000000 0.000000 0.000000 1.000000
0.999146 0.019647 -0.036342 0.000000 -0.023429 0.994011 -0.106735 10.002700 0.034027 0.107495 0.993623 0.000000 0.000000 0.000000 0.000000 1.000000
0.998761 0.034852 -0.035509 0.000000 -0.038048 0.994870 -0.093731 10.002700 0.032060 0.094966 0.994964 -0.000000 0.000000 0.000000 0.000000 1.000000
0.998477 0.047956 -0.027292 0.000000 -0.050006 0.995523 -0.080213 10.002700 0.023323 0.081456 0.996404 -0.000000 0.000000 0.000000 0.000000 1.000000
0.998506 0.052787 -0.014089 0.000000 -0.053617 0.996309 -0.067038 10.002700 0.010498 0.067694 0.997651 0.000000 0.000000 0.000000 0.000000 1.000000
0.998916 0.046529 -0.001569 -0.000000 -0.046545 0.997396 -0.055089 10.002700 -0.000998 0.055102 0.998480 0.000000 0.000000 0.000000 0.000000 1.000000
0.999455 0.032131 0.007563 -0.000000 -0.031761 0.998494 -0.044729 10.002700 -0.008988 0.044464 0.998971 0.000000 0.000000 0.000000 0.000000 1.000000
0.999764 0.015481 0.015262 -0.000000 -0.014928 0.999249 -0.035754 10.002700 -0.015804 0.035517 0.999244 0.000000 0.000000 0.000000 0.000000 1.000000
0.999693 0.000984 0.024755 -0.000000 -0.000290 0.999608 -0.027999 10.002700 -0.024773 0.027983 0.999301 0.000000 0.000000 0.000000 0.000000 1.000000
0.999274 -0.010178 0.036711 0.000000 0.010987 0.999699 -0.021925 10.002700 -0.036477 0.022312 0.999085 0.000000 0.000000 0.000000 0.000000 1.000000
0.998651 -0.018496 0.048522 0.000000 0.019405 0.999644 -0.018315 10.002700 -0.048166 0.019232 0.998654 -0.000000 0.000000 0.000000 0.000000 1.000000
0.998125 -0.024192 0.056219 0.000000 0.025227 0.999524 -0.017768 10.002700 -0.055762 0.019153 0.998260 0.000000 0.000000 0.000000 0.000000 1.000000
0.998007 -0.027136 0.056968 0.000000 0.028360 0.999381 -0.020794 10.002700 -0.056368 0.022368 0.998159 0.000000 0.000000 0.000000 0.000000 1.000000
0.998320 -0.027858 0.050806 0.000000 0.029293 0.999186 -0.027724 10.002700 -0.049993 0.029166 0.998324 0.000000 0.000000 0.000000 0.000000 1.000000
0.998790 -0.027592 0.040707 0.000000 0.029132 0.998863 -0.037727 10.002700 -0.039620 0.038867 0.998459 -0.000000 0.000000 0.000000 0.000000 1.000000
0.999158 -0.027203 0.030698 0.000000 0.028658 0.998437 -0.047982 10.002700 -0.029345 0.048822 0.998376 0.000000 0.000000 0.000000 0.000000 1.000000
0.999370 -0.026624 0.023484 -0.000000 0.027878 0.998111 -0.054756 10.002700 -0.021982 0.055376 0.998224 -0.000000 0.000000 0.000000 0.000000 1.000000
0.999481 -0.025497 0.019696 -0.000000 0.026564 0.998078 -0.055984 10.002700 -0.018231 0.056478 0.998237 0.000000 0.000000 0.000000 0.000000 1.000000
0.999536 -0.023931 0.018869 0.000000 0.024896 0.998300 -0.052694 10.002700 -0.017576 0.053139 0.998432 0.000000 0.000000 0.000000 0.000000 1.000000
0.999544 -0.022398 0.020258 0.000000 0.023344 0.998588 -0.047725 10.002700 -0.019160 0.048176 0.998655 0.000000 0.000000 0.000000 0.000000 1.000000
0.999518 -0.021169 0.022702 0.000000 0.022140 0.998811 -0.043424 10.002700 -0.021756 0.043906 0.998799 -0.000000 0.000000 0.000000 0.000000 1.000000
0.999492 -0.020128 0.024710 0.000000 0.021120 0.998952 -0.040595 10.002700 -0.023868 0.041096 0.998870 -0.000000 0.000000 0.000000 0.000000 1.000000
0.999504 -0.019016 0.025085 0.000000 0.019988 0.999037 -0.039070 10.002700 -0.024317 0.039552 0.998922 -0.000000 0.000000 0.000000 0.000000 1.000000</float_array>
        <technique_common>
          <accessor source="#mixamorig_Spine1-Matrix-animation-output-transform-array" count="49" stride="16">
            <param type="float4x4"/>
          </accessor>
        </technique_common>
      </source>
      <source id="mixamorig_Spine1-Interpolations">
        <Name_array id="mixamorig_Spine1-Interpolations-array" count="49">
 LINEAR LINEAR LINEAR LINEAR LINEAR LINEAR LINEAR LINEAR LINEAR LINEAR LINEAR
LINEAR LINEAR LINEAR LINEAR LINEAR LINEAR LINEAR LINEAR LINEAR LINEAR LINEAR LINEAR
LINEAR LINEAR LINEAR LINEAR LINEAR LINEAR LINEAR LINEAR LINEAR LINEAR LINEAR LINEAR
LINEAR LINEAR LINEAR LINEAR LINEAR LINEAR LINEAR LINEAR LINEAR LINEAR LINEAR LINEAR
LINEAR LINEAR</Name_array>
        <technique_common>
          <accessor source="#mixamorig_Spine1-Interpolations-array" count="49">
            <param type="name"/>
          </accessor>
        </technique_common>
      </source>
      <sampler id="mixamorig_Spine1-Matrix-animation-transform">
        <input semantic="INPUT" source="#mixamorig_Spine1-Matrix-animation-input"/>
        <input semantic="OUTPUT" source="#mixamorig_Spine1-Matrix-animation-output-transform"/>
        <input semantic="INTERPOLATION" source="#mixamorig_Spine1-Interpolations"/>
      </sampler>
      <channel source="#mixamorig_Spine1-Matrix-animation-transform" target="mixamorig_Spine1/matrix"/>
    </animation>
    <animation id="mixamorig_Spine2-anim" name="mixamorig_Spine2">
      <source id="mixamorig_Spine2-Matrix-animation-input">
        <float_array id="mixamorig_Spine2-Matrix-animation-input-array" count="49">

0.000000 0.033333 0.066667 0.100000 0.133333 0.166667 0.200000 0.233333 0.266667 0.300000 0.333333 0.366667 0.400000 0.433333 0.466667 0.500000
0.533333 0.566667 0.600000 0.633333 0.666667 0.700000 0.733333 0.766667 0.800000 0.833333 0.866667 0.900000 0.933333 0.966667 1.000000 1.033333
1.066667 1.100000 1.133333 1.166667 1.200000 1.233333 1.266667 1.300000 1.333333 1.366667 1.400000 1.433333 1.466667 1.500000 1.533333 1.566667
1.600000</float_array>
        <technique_common>
          <accessor source="#mixamorig_Spine2-Matrix-animation-input-array" count="49">
            <param name="TIME" type="float"/>
          </accessor>
        </technique_common>
      </source>
      <source id="mixamorig_Spine2-Matrix-animation-output-transform">
        <float_array id="mixamorig_Spine2-Matrix-animation-output-transform-array" count="784">

0.999481 -0.017610 0.026976 0.000000 0.019313 0.997750 -0.064203 9.322100 -0.025785 0.064690 0.997572 0.000000 0.000000 0.000000 0.000000 1.000000
0.999577 -0.016383 0.024033 0.000000 0.017903 0.997761 -0.064435 9.322100 -0.022924 0.064838 0.997632 0.000000 0.000000 0.000000 0.000000 1.000000
0.999710 -0.014758 0.019048 0.000000 0.015988 0.997681 -0.066156 9.322100 -0.018027 0.066441 0.997627 0.000000 0.000000 0.000000 0.000000 1.000000
0.999816 -0.013774 0.013350 -0.000000 0.014664 0.997503 -0.069088 9.322100 -0.012365 0.069271 0.997521 -0.000000 0.000000 0.000000 0.000000 1.000000
0.999848 -0.014424 0.009751 0.000000 0.015087 0.997315 -0.071665 9.322100 -0.008691 0.071801 0.997381 0.000000 0.000000 0.000000 0.000000 1.000000
0.999800 -0.015803 0.012246 -0.000000 0.016631 0.997353 -0.070782 9.322100 -0.011095 0.070971 0.997417 0.000000 0.000000 0.000000 0.000000 1.000000
0.999577 -0.014694 0.025081 0.000000 0.016262 0.997849 -0.063508 9.322100 -0.024094 0.063889 0.997666 -0.000000 0.000000 0.000000 0.000000 1.000000
0.998652 -0.008870 0.051147 -0.000000 0.011448 0.998667 -0.050333 9.322100 -0.050632 0.050851 0.997422 -0.000000 0.000000 0.000000 0.000000 1.000000
0.996051 -0.000934 0.088778 -0.000000 0.004181 0.999329 -0.036395 9.322100 -0.088684 0.036622 0.995386 0.000000 0.000000 0.000000 0.000000 1.000000
0.991701 0.003347 0.128518 0.000000 0.000195 0.999621 -0.027541 9.322100 -0.128562 0.027337 0.991325 0.000000 0.000000 0.000000 0.000000 1.000000
0.987936 0.002067 0.154849 -0.000000 0.001925 0.999670 -0.025625 9.322100 -0.154851 0.025614 0.987606 0.000000 0.000000 0.000000 0.000000 1.000000
0.987940 0.000593 0.154836 0.000000 0.004061 0.999549 -0.029743 9.322100 -0.154784 0.030014 0.987492 0.000000 0.000000 0.000000 0.000000 1.000000
0.991912 0.004681 0.126842 0.000000 0.000397 0.999200 -0.039984 9.322100 -0.126928 0.039711 0.991117 -0.000000 0.000000 0.000000 0.000000 1.000000
0.996708 0.010278 0.080418 0.000000 -0.005670 0.998340 -0.057322 9.322100 -0.080874 0.056677 0.995112 0.000000 0.000000 0.000000 0.000000 1.000000
0.999607 0.004092 0.027743 -0.000000 -0.001850 0.996766 -0.080339 9.322100 -0.027982 0.080256 0.996381 0.000000 0.000000 0.000000 0.000000 1.000000
0.999466 -0.022706 -0.023509 -0.000000 0.020165 0.994453 -0.103229 9.322100 0.025722 0.102699 0.994380 0.000000 0.000000 0.000000 0.000000 1.000000
0.995658 -0.062695 -0.068801 0.000000 0.054150 0.991330 -0.119716 9.322100 0.075710 0.115470 0.990421 0.000000 0.000000 0.000000 0.000000 1.000000
0.989960 -0.097042 -0.102772 -0.000000 0.083449 0.988103 -0.129185 9.322100 0.114086 0.119312 0.986280 0.000000 0.000000 0.000000 0.000000 1.000000
0.986316 -0.112119 -0.120870 0.000000 0.095327 0.986009 -0.136741 9.322100 0.134511 0.123348 0.983205 0.000000 0.000000 0.000000 0.000000 1.000000
0.986301 -0.109069 -0.123752 -0.000000 0.090467 0.984977 -0.147092 9.322100 0.137937 0.133881 0.981351 0.000000 0.000000 0.000000 0.000000 1.000000
0.988299 -0.097612 -0.117202 0.000000 0.078325 0.984139 -0.159169 9.322100 0.130880 0.148127 0.980270 0.000000 0.000000 0.000000 0.000000 1.000000
0.990735 -0.084088 -0.106647 0.000000 0.065406 0.983623 -0.167952 9.322100 0.119023 0.159421 0.980009 -0.000000 0.000000 0.000000 0.000000 1.000000
0.993355 -0.067871 -0.092947 0.000000 0.051278 0.984020 -0.170514 9.322100 0.103035 0.164614 0.980962 0.000000 0.000000 0.000000 0.000000 1.000000
0.996042 -0.047570 -0.075087 -0.000000 0.034397 0.985208 -0.167877 9.322100 0.081962 0.164630 0.982944 -0.000000 0.000000 0.000000 0.000000 1.000000
0.998096 -0.026219 -0.055825 -0.000000 0.016854 0.986636 -0.162065 9.322100 0.059328 0.160816 0.985200 0.000000 0.000000 0.000000 0.000000 1.000000
0.999089 -0.008376 -0.041855 0.000000 0.001839 0.988094 -0.153838 9.322100 0.042645 0.153620 0.987209 0.000000 0.000000 0.000000 0.000000 1.000000
0.999289 0.005563 -0.037278 0.000000 -0.010860 0.989600 -0.143439 9.322100 0.036092 0.143742 0.988957 0.000000 0.000000 0.000000 0.000000 1.000000
0.999073 0.019221 -0.038525 0.000000 -0.024137 0.991023 -0.131495 9.322100 0.035652 0.132302 0.990568 0.000000 0.000000 0.000000 0.000000 1.000000
0.998705 0.034470 -0.037427 -0.000000 -0.038689 0.992190 -0.118581 9.322100 0.033047 0.119875 0.992239 -0.000000 0.000000 0.000000 0.000000 1.000000
0.998438 0.047708 -0.029093 0.000000 -0.050523 0.993163 -0.105235 9.322100 0.023874 0.106541 0.994022 0.000000 0.000000 0.000000 0.000000 1.000000
0.998484 0.052753 -0.015741 0.000000 -0.053985 0.994270 -0.092261 9.322100 0.010784 0.092971 0.995610 -0.000000 0.000000 0.000000 0.000000 1.000000
0.998903 0.046727 -0.002914 -0.000000 -0.046809 0.995659 -0.080450 9.322100 -0.000858 0.080498 0.996754 0.000000 0.000000 0.000000 0.000000 1.000000
0.999448 0.032542 0.006674 0.000000 -0.031994 0.997023 -0.070160 9.322100 -0.008937 0.069907 0.997513 0.000000 0.000000 0.000000 0.000000 1.000000
0.999759 0.016120 0.014898 0.000000 -0.015180 0.998010 -0.061203 9.322100 -0.015854 0.060962 0.998014 0.000000 0.000000 0.000000 0.000000 1.000000
0.999688 0.001916 0.024908 -0.000000 -0.000583 0.998572 -0.053414 9.322100 -0.024975 0.053383 0.998262 -0.000000 0.000000 0.000000 0.000000 1.000000
0.999264 -0.008887 0.037321 -0.000000 0.010647 0.998826 -0.047249 9.322100 -0.036857 0.047612 0.998186 0.000000 0.000000 0.000000 0.000000 1.000000
0.998633 -0.016856 0.049478 0.000000 0.019016 0.998872 -0.043511 9.322100 -0.048689 0.044393 0.997827 0.000000 0.000000 0.000000 0.000000 1.000000
0.998102 -0.022318 0.057393 -0.000000 0.024797 0.998774 -0.042849 9.322100 -0.056366 0.044191 0.997432 0.000000 0.000000 0.000000 0.000000 1.000000
0.997981 -0.025214 0.058286 0.000000 0.027905 0.998560 -0.045821 9.322100 -0.057047 0.047355 0.997248 0.000000 0.000000 0.000000 0.000000 1.000000
0.998291 -0.026066 0.052298 0.000000 0.028828 0.998190 -0.052776 9.322100 -0.050828 0.054194 0.997236 0.000000 0.000000 0.000000 0.000000 1.000000
0.998759 -0.026021 0.042458 0.000000 0.028663 0.997611 -0.062854 9.322100 -0.040721 0.063993 0.997119 -0.000000 0.000000 0.000000 0.000000 1.000000
0.999130 -0.025842 0.032738 -0.000000 0.028184 0.996919 -0.073197 9.322100 -0.030745 0.074056 0.996780 0.000000 0.000000 0.000000 0.000000 1.000000
0.999347 -0.025400 0.025717 0.000000 0.027386 0.996415 -0.080041 9.322100 -0.023591 0.080693 0.996460 -0.000000 0.000000 0.000000 0.000000 1.000000
0.999463 -0.024333 0.021963 0.000000 0.026044 0.996349 -0.081304 9.322100 -0.019904 0.081832 0.996447 0.000000 0.000000 0.000000 0.000000 1.000000
0.999519 -0.022763 0.021056 0.000000 0.024341 0.996656 -0.078003 9.322100 -0.019210 0.078478 0.996731 0.000000 0.000000 0.000000 0.000000 1.000000
0.999526 -0.021174 0.022343 0.000000 0.022754 0.997073 -0.072986 9.322100 -0.020732 0.073460 0.997083 -0.000000 0.000000 0.000000 0.000000 1.000000
0.999497 -0.019861 0.024715 0.000000 0.021517 0.997411 -0.068623 9.322100 -0.023288 0.069120 0.997337 -0.000000 0.000000 0.000000 0.000000 1.000000
0.999468 -0.018750 0.026677 0.000000 0.020470 0.997627 -0.065741 9.322100 -0.025381 0.066252 0.997480 -0.000000 0.000000 0.000000 0.000000 1.000000
0.999480 -0.017620 0.027004 0.000000 0.019324 0.997750 -0.064194 9.322100 -0.025812 0.064682 0.997572 0.000000 0.000000 0.000000 0.000000 1.000000</float_array>
        <technique_common>
          <accessor source="#mixamorig_Spine2-Matrix-animation-output-transform-array" count="49" stride="16">
            <param type="float4x4"/>
          </accessor>
        </technique_common>
      </source>
      <source id="mixamorig_Spine2-Interpolations">
        <Name_array id="mixamorig_Spine2-Interpolations-array" count="49">
 LINEAR LINEAR LINEAR LINEAR LINEAR LINEAR LINEAR LINEAR LINEAR LINEAR LINEAR
LINEAR LINEAR LINEAR LINEAR LINEAR LINEAR LINEAR LINEAR LINEAR LINEAR LINEAR LINEAR
LINEAR LINEAR LINEAR LINEAR LINEAR LINEAR LINEAR LINEAR LINEAR LINEAR LINEAR LINEAR
LINEAR LINEAR LINEAR LINEAR LINEAR LINEAR LINEAR LINEAR LINEAR LINEAR LINEAR LINEAR
LINEAR LINEAR</Name_array>
        <technique_common>
          <accessor source="#mixamorig_Spine2-Interpolations-array" count="49">
            <param type="name"/>
          </accessor>
        </technique_common>
      </source>
      <sampler id="mixamorig_Spine2-Matrix-animation-transform">
        <input semantic="INPUT" source="#mixamorig_Spine2-Matrix-animation-input"/>
        <input semantic="OUTPUT" source="#mixamorig_Spine2-Matrix-animation-output-transform"/>
        <input semantic="INTERPOLATION" source="#mixamorig_Spine2-Interpolations"/>
      </sampler>
      <channel source="#mixamorig_Spine2-Matrix-animation-transform" target="mixamorig_Spine2/matrix"/>
    </animation>
    <animation id="mixamorig_Neck-anim" name="mixamorig_Neck">
      <source id="mixamorig_Neck-Matrix-animation-input">
        <float_array id="mixamorig_Neck-Matrix-animation-input-array" count="49">

0.000000 0.033333 0.066667 0.100000 0.133333 0.166667 0.200000 0.233333 0.266667 0.300000 0.333333 0.366667 0.400000 0.433333 0.466667 0.500000
0.533333 0.566667 0.600000 0.633333 0.666667 0.700000 0.733333 0.766667 0.800000 0.833333 0.866667 0.900000 0.933333 0.966667 1.000000 1.033333
